,loss,val_loss
0,0.0030642675701528788,0.001182539388537407
1,0.000927507586311549,0.0016271674539893866
2,0.000734612112864852,0.0011448111617937684
3,0.0006759290117770433,0.0011310216505080462
4,0.0006789872422814369,0.0007562682731077075
5,0.0006110717658884823,0.0010900218039751053
6,0.000649109308142215,0.0009418893605470657
7,0.0006533858831971884,0.0007033259607851505
8,0.0006226221448741853,0.001044127973727882
9,0.0006052316166460514,0.001284840633161366
10,0.0006154780858196318,0.0015683779492974281
11,0.0005661306786350906,0.0004736805276479572
12,0.0005827732384204865,0.0008292070124298334
13,0.0006173670990392566,0.0013431150000542402
14,0.0005781560321338475,0.0007670203340239823
15,0.0006016333936713636,0.00047067130799405277
16,0.0006113197887316346,0.0004083274689037353
17,0.0005884363199584186,0.000833871599752456
18,0.000551172939594835,0.0030359637457877398
19,0.0005237787263467908,0.0007700728019699454
20,0.0005449766176752746,0.00041367296944372356
21,0.0005505154840648174,0.0014647615607827902
22,0.0005932602798566222,0.00048030258039943874
23,0.000533674203325063,0.00038255509571172297
24,0.0005305042141117156,0.0004891189164482057
25,0.0005242059123702347,0.0005581795121543109
26,0.0005583384772762656,0.0005331758875399828
27,0.0005471508484333754,0.0009108901722356677
28,0.000502908369526267,0.0007677245885133743
29,0.0005315083544701338,0.001073571853339672
30,0.0004886059323325753,0.00033631917904131114
31,0.0005095563246868551,0.0004218221874907613
32,0.0005298961768858135,0.0004363152547739446
33,0.0005238228477537632,0.0005196533165872097
34,0.0005474503850564361,0.0012755722273141146
35,0.0005028045270591974,0.002144341357052326
36,0.0004934645839966834,0.0008426040294580162
37,0.0005319013143889606,0.000370475638192147
38,0.0005031829932704568,0.0004372101975604892
39,0.0005004734266549349,0.0004588052397593856
40,0.0005040076212026179,0.0004656202800106257
